15887950
16495136
527345
704524
1553684
12683156
11100544
12249484
7753432
5908254
2731930
10144594
13647660
8741773
12399819
13000251
10534524
4776055
10594906
14976316
14716013
10038164
5394656
1926055
7734836
4939629
9961484
8676116
8479524
14995317
8686244
3594937
4097886
13199960
9089978
5896147
4029195
4230149
15329583
6881272
10093047
6561750
13161732
4151460
4157993
14268330
5236675
9338811
16686576
2938623
660086
5682057
15186759
506323
16079739
6957462
9764470
6910185
3342588
12893699
14012213
3146342
13162297
7823794
44379
564295
10594795
10493362
16224955
4154776
8196996
13679888
13551320
2521950
15772088
5257605
832003
12294997
8162405
1116556
14627288
16575974
8880325
312329
7843963
66510
12427212
2224042
15781123
4782509
4650618
6380477
8182106
9829284
12436017
15414274
931110
12418883
3293951
15817430
2338860
16674549
9420072
15169681
8990263
7599848
8275599
3912293
4354684
565783
1470185
5888524
3146692
10216786
4408412
10023366
8619076
7270894
2487869
9374390
2077199
11968577
3296641
8477871
16147668
3603290
15322292
2883257
4260478
8984849
16056251
8571376
11782239
13158755
13907246
7695707
8221255
4469915
10293961
11732365
14560763
10152354
580907
6605652
2203302
7405215
5344149
10481059
7201096
14913234
14433152
12496220
12133774
14038078
4913763
16675254
505047
4533535
12734857
4602455
10072811
15855722
10775997
7187178
4219113
10057852
2319431
13434411
9342796
10045102
10261063
10558363
16075441
7137734
3148932
9827560
11235487
1820133
11004224
16450698
8529722
12324599
13581998
9218439
5494277
9215487
4705582
10877595
15224505
249854
7887357
13703048
94756
16317693
2948512
5988621
6144863
13476923
14479276
291977
16409727
6516834
2603941
821362
2967637
4411389
4060472
11908833
11038420
10360074
7486774
2294579
6861196
15086616
3419016
12656580
5196210
16323611
2857549
12667205
9545925
14028105
16285169
3004860
74505
3782211
7028663
447716
2239115
13468681
12204667
3797406
9620142
3168807
796024
8407203
914272
6519355
6486876
11746622
16173355
7931892
13640995
15451788
11515552
3319381
13337229
15491267
6810243
10037265
8138035
10697468
2126291
1326395
5802084
5651951
12549150
10577986
14975748
12763156
15250236
3979229
4522649
4878847
2281038
2938656
10952665
1394389
15113225
14043835
6030168
12690418
23945
2506295
6274664
10485067
3412727
6511182
9201536
13421500
5578137
5427207
14397257
13039329
14562516
10439130
16406176
6695253
1357813
4161760
15760679
8539456
12371370
10181203
4757735
13411374
15997651
3023715
12598398
1987297
6364660
12110835
12203658
7567530
7200955
1384456
461592
14181232
1237643
4020809
14343753
6123113
1737608
2855556
10062360
6231160
5210667
3084460
16771697
15293824
14199916
10654423
12021295
7963328
12798806
8393248
7812849
4751076
10199515
4018595
15675560
3271293
4034196
9083592
6371726
2674910
2039908
13957295
12723700
5806643
5228100
9721342
10242861
2720878
9589521
1702891
11348258
3482287
5719332
6296645
1000749
2625054
8668626
5724376
11015598
454111
921295
977127
788398
1571663
14694859
2335059
10244671
5511952
2034152
1581175
15887450
14831884
6374044
6679216
16487557
1906795
9185982
657687
16352945
12704678
15676343
2547844
2520968
16214308
6644005
3535142
14740835
10295310
13062994
13401068
7556331
632218
4969730
11669806
7614587
368590
9969452
13582989
15271619
3173299
11637576
9042754
6582940
14848816
2762185
13624629
14593334
776115
11307688
473517
837754
4016205
6457813
1930097
5366344
16149450
8650112
11802988
3418239
1037826
14431286
5531771
6583566
8597306
8330935
661228
1034371
12717825
4856123
6296900
1400422
13507033
2950373
9247816
4034106
14223551
7200324
15953214
3423147
264160
8726559
8150689
2234710
13954736
2953381
15409194
12438527
10861982
11205838
1884468
7290965
13060029
16502202
3800611
7267668
12565974
2289172
10469452
138710
10085140
10424100
6195221
11702591
5646344
8391512
14375858
14254731
16163145
7900305
16108951
6960405
12514263
11742759
7185112
15125630
12350817
8807496
7364090
11997793
12818032
16130595
8454068
15458849
10117426
14992607
3630215
5398381
8636428
5825876
9178582
9937812
10075296
15796229
4122895
16533401
9204951
13447967
6173561
457296
13942050
11293199
466753
9240953
6632896
1472494
1030157
5377687
15158797
7099175
9100848
16363681
3146790
2022859
12548723
3070342
7491014
4920740
15730497
3903929
14233606
5359626
8660190
5725124
12138386
6235530
3892530
2277631
13654214
1063436
7892164
5838634
12976967
6585363
6294293
10543143
15298216
2308749
4386051
16451757
7305970
16138305
7432833
9317527
903453
15534639
4586976
11872719
16668895
529511
2307530
4371824
5852731
12416764
10114995
3835560
3251661
10195449
16396484
16507338
8196048
6257678
6810738
2342773
12788004
9444197
3396660
12519421
446328
8331763
9189338
16731984
13741962
4493154
951645
13550733
12288243
5763538
6625656
13124931
3581231
1560984
11897380
545597
14190750
3033702
1244537
14274080
1022993
738451
4602705
9298025
6133240
6034599
16749708
778800
6225217
15067241
16174520
3319461
2295706
5596690
2143622
14191270
7080511
14905808
13700606
10062317
9825592
5824033
703698
8397840
12970256
3772536
5192203
3005709
897727
13546900
1068560
10605632
12677730
11840949
7122674
1188577
15593076
9812207
388918
14732195
4682360
518939
14642357
1815546
4751121
6381195
6947753
1609382
13239839
10966481
16079005
8879139
14718788
10542198
7124985
6087668
9905667
12844021
4779648
14120180
14140347
8819728
4590736
13476308
7563890
6721861
7667205
7134399
4066532
5932107
11383359
6796304
10642832
16136604
10017896
6840411
14322991
3983576
4716846
4564795
7908020
15523721
16571431
9947976
15344002
16319242
12599174
13504758
11047965
7849927
12566455
14020836
9559979
13042880
2962790
2058113
6245375
4532638
11289710
1064209
744091
4643769
5571670
10383704
11609698
2609941
10663655
11896670
4207192
4526458
2977157
9479331
12337152
12132864
9350928
2490440
11924186
12373624
14480123
9805402
3242140
4662624
16668299
3662825
12730724
1421479
14103980
7881817
11423881
3234143
13856491
10273418
11621130
691462
12292834
12868401
13259722
16667712
10161762
13171285
1225837
2683476
3650670
586385
9882727
16558858
453318
7690652
1664872
8822915
9305153
3044193
4521592
10707835
8048726
5731320
223639
16673845
3521150
12547281
16120469
10902827
13254484
7337222
10432802
4364911
15610274
4068331
4992610
2040661
10248613
12925090
13258915
101280
10850493
5743106
6712214
11033190
1375737
14155684
10083857
11350147
2101441
2697605
16009859
611601
13642203
11769315
8784458
14998540
14344692
2166803
8754293
9203068
13431791
11860078
2702577
14717108
20569
3517481
13009754
6211444
16603815
13192444
10336355
1641894
14716679
6347953
3080054
13280225
2795900
690639
4408799
9100175
15839629
8119387
11443471
8935481
12383434
12978296
15757003
16505579
5528362
6929703
1884992
11772890
2494448
4433007
16611922
2871716
15879521
9330056
11163252
9915695
7399128
10087006
14018096
14811489
4066280
667239
5597722
9462782
4731037
16592739
11776030
809506
3914807
7459960
6665259
13638428
8882940
8684627
4195351
901593
11498021
5608638
12977895
5468894
5249908
14043207
10232651
2125319
12581049
8497230
14444048
11259136
1116520
1987059
7122010
8251148
2975020
878429
16448925
16248331
7432109
7182474
3487706
4294480
11469258
2787536
4540726
15934611
12146769
6012529
11043616
13091193
2630592
9119070
4858184
12775634
15643248
12068611
15958269
74304
11890642
9809800
434148
13301203
10282267
14067397
337721
4136498
5140007
9799896
15299374
1789291
7792406
1395586
16205402
1377884
16287190
2203604
8931714
6072394
913180
12548444
5986094
13152331
14647199
14972061
3440963
11276047
4192937
1321582
4017249
5842560
369332
5255113
4336485
6493620
16302961
3153864
10707622
13888895
9479978
9084615
2080383
15872178
1799379
5302803
8656293
4024066
7500478
11998167
12140839
15417504
10853349
588208
4180253
14326319
16052576
11514923
1592092
13187196
7415367
11053627
2676188
6496202
15780384
4577329
6609618
12188960
12896393
1942943
5573709
6883317
12762464
3985995
1866383
8316805
3581683
9237218
16007217
9698834
10824006
15729408
14648600
9909504
7202472
6457037
10757153
8410370
7916846
10289819
9470329
8083904
11284622
3777430
3341350
5882379
8282829
14282497
5695035
7730108
11246681
3974729
16307625
5988886
4368554
14556731
12106876
6301287
16261722
8180092
1749519
11634753
15928513
14325093
15602244
13838174
2156376
14641362
11597488
661605
8454444
12888189
16638596
13478296
3002852
7765411
7624
10675382
10547071
14039354
16419847
5638569
13988086
11923229
41247
2550249
2217780
8491749
16106232
3780383
9188249
2059127
1805058
15757790
14157420
5466503
9267205
4303375
11434113
14803463
14377177
6431789
6080022
2259338
6777810
2438056
13746021
1258772
12854164
13607072
8494309
6672520
16358684
16534732
13210674
4867191
12997498
10269077
2542195
3195910
6069162
7125667
5735152
9092871
9297201
13800954
13982753
11556546
15419760
14026203
1167491
10016705
14526141
16529842
13180827
16647825
8546247
5173943
10071436
3315960
9337807
7500879
885939
412976
14180665
11943426
10732406
6393345
15959603
13089444
15831865
2975634
5207818
9900070
5953899
14047158
8298471
12000534
10570322
16080932
12282477
9952932
12827673
13731723
8842849
13639056
12788316
5003510
15359581
4493141
6441157
2470473
205065
1024083
11088183
5953296
11807624
4530116
13593010
8221979
11737669
5033821
7997661
849505
1729872
12712154
3895336
15698425
13481988
8438988
7858290
5452629
5386533
8764326
11120823
5198236
15118120
4130305
7006835
8307974
845986
8810019
5482964
2982450
7954119
15491199
1166402
3205668
9164861
11536838
15453060
484304
8526702
3387113
8303628
8424116
1277577
1819183
7410592
9944189
4867620
5765469
12028781
8559276
10754081
10490082
15204641
11950890
8957223
7928768
10013598
4492670
500841
11996120
15196726
12176587
8614395
15198018
2958972
8529079
8565052
6414797
15308313
960731
7791339
10451690
3180137
12047560
13566462
2321805
9049787
2229688
2185445
10590888
8937773
13458238
14651419
6890093
8885476
10870923
12182617
6995337
4868407
16270544
3443542
7859232
9472769
8323355
5608933
7302080
575262
8132762
442346
14026561
1614265
8223110
2371782
2302284
10672606
5073708
16676141
6084510
10914206
5224814
13313529
4811108
6066663
8038
12677329
15468213
14653098
5617099
3184947
820060
10143486
4164277
11378378
2440488
5090449
12780695
8443997
7885157
2902116
2153455
10477870
14372859
11363506
10515059
16202182
2662916
1098268
1632052
3869541
1817780
5963065
1412834
4919249
7263309
1356085
15043478
2647398
10009857
10951339
9305576
7056343
2256103
4255630
14394478
6529553
7628643
16523870
7377008
1486867
11848053
8781972
10736824
4138349
10431964
9873418
4440030
16370204
3454836
1087783
288352
9537939
6666809
6667738
14851328
14201832
11457447
4672436
13435777
15693023
12314887
7318913
14521263
2216876
14473577
5527344
16572393
2710660
970344
5170891
8763051
728200
3260284
13069183
13994266
4014566
14907813
16771170
16709477
16488276
10256454
1258824
8062066
16670773
9809438
4147410
5740464
16023661
2990068
13052387
13659050
6671651
9982412
9868250
8418928
11541795
13143884
14251694
6210503
16120727
12218021
7215578
9317408
7144705
1474411
13228166
9205454
13527908
15314935
8614054
4381679
16445742
4151163
159222
5927157
4112344
9008022
395942
11632191
14288496
7102115
3582416
4311870
14042267
9376073
8491281
4006907
15262674
6936552
7926919
9999341
15125480
14002279
14359594
11275807
425361
1386783
15785385
9648726
4850344
2332141
924120
15277222
9387151
12564405
1169442
1431079
9149720
8502720
3460014
9398575
543736
1628247
15754235
2181586
5596344
4931821
10231920
8127891
2900569
11074233
10491486
13512144
14648094
13332154
2203195
4702332
12474759
15028613
8298819
14695951
15321121
7081570
4080213
10930605
2873338
1658929
16492178
8552962
12034710
10784558
7808651
3684457
11424568
7717329
12873789
3837062
10358894
13063089
217614
11108098
10680958
2756305
1498949
9940597
15381164
991585
14025448
4027695
10223384
10590416
4989366
3462743
5050763
13611217
15151285
169242
13294854
16605282
3767077
1785846
15813733
10168204
12915368
3071341
13478428
111732
930879
9839136
15062897
13618024
15983075
2397674
92177
14692147
777452
16619731
1370483
3092510
9780770
12901143
8685089
9483794
6351622
8809426
12663720
15894309
15819798
12186266
3583674
14168123
2817804
4126188
1264283
14560057
4510290
5563620
16182027
680069
560075
8204995
4232723
11801157
9301789
3760415
1927145
9214276
6270470
13000442
2664313
9892592
13575303
11361645
5060124
10753172
6617112
1534440
1098615
13831746
12696116
14558861
10101219
5086186
16331361
9144176
2380203
14957232
16640517
239647
16509601
4651254
15067997
11808253
16508968
6825273
6516770
10599271
297394
11995675
7588029
12843202
796160
6032176
13924617
10023571
425185
15314564
7987192
9038071
11058078
16097022
1382517
12156188
12544972
13034506
11659710
1942031
3178689
12066053
9412263
14522076
12284114
9961072
6306147
16278190
10286951
10139602
16562504
3468306
11610070
5846212
3929578
1585937
9636075
9333690
1882387
6455869
2927894
12142546
5879496
1234158
2258965
5007039
7259956
4905573
15876412
9664077
14531109
14768894
6353493
8383533
8548438
11097848
8845247
4137148
5160897
13217277
8815656
11827801
7631737
2713680
5076914
15681515
7952578
11932416
2065816
6108292
12178728
1340369
1420205
11266794
8688361
15354348
14691195
16585238
6621994
14403495
13885204
15932100
54938
15207322
4074098
2833221
13135189
14354901
10633073
5098536
12580889
13543851
5006704
13781179
6825288
8776946
13545201
11999780
9435069
3168314
465935
4167473
9558442
9770675
2834336
7018781
871599
16659540
11683934
13131040
11904393
13998583
7260950
11402978
7756881
16042577
10970337
1019460
1478590
15283007
3674904
10531760
6444365
87613
11259830
4447015
6503024
15913795
14207903
300349
8758446
11621207
12038819
4997808
1057221
8952321
16773779
6571233
13432644
9248630
7052513
8708484
10314880
16205476
14749913
14509997
12908682
10214618
511240
11053936
10501323
1683067
7885118
10298955
5990703
14347256
13217111
14514003
11591311
11955877
6453722
8580896
4728345
2717019
6535815
1416093
4800315
3499636
9102511
12251412
729524
7593681
13525445
5548033
9782531
15551981
8587032
16275216
1490824
505700
361751
5336785
6857797
8835245
5438514
1255223
3227040
4574989
14074927
15233424
5920060
14551789
16733216
6096577
8780597
8576966
862004
3007845
9976260
4647554
12138578
6108596
12800625
9793600
9780034
7984284
11310080
4774048
4468517
8857942
16160560
6195689
5944372
14150909
8697120
3865289
14025421
7605249
14003235
3502532
2906306
14924544
9162968
11758062
12432125
16319952
3097182
10726256
11363531
5647547
8956520
11041259
2761522
6389967
16058007
8613453
9245413
16262904
5762111
9340128
2554119
7632129
9250027
3469018
1827480
1162940
7629105
13599834
1934924
13682150
6986117
3311363
7878141
7446760
11054655
4241648
15419607
9391871
15443638
14246767
3073386
8628757
5971503
1208640
524362
10138204
9708662
1579065
2668234
6712424
1328603
13697667
15705937
133257
14209951
4505085
9297064
16107805
1231407
12207072
5903935
15787312
15477881
12405672
914597
11209482
5552070
1649780
5724415
15031302
13410154
1193925
6205617
11909142
14594170
11359117
1320267
16524343
16203960
8928717
2407673
16694956
12293377
4422635
15760674
8926223
7509617
4371040
3195699
8155020
14938344
12242111
6982756
106959
9331871
14537029
13427717
10564207
13489378
15016705
13259867
10076303
9176149
4559261
15442283
2118774
2698169
12479446
15768228
12667449
4557402
508988
1725797
2708548
4511598
5688457
15677887
12991692
7788466
13794027
8386090
16521039
11227819
4278184
5636293
13682697
328731
5262029
3335745
14853553
16017342
13180031
1532834
7483259
1019446
16137131
12851168
12785823
11550373
14728026
4046516
4836137
15845730
15525229
5108700
5725434
9382249
8575152
11402005
15245223
10989012
12463634
669638
4216948
15601503
14446171
16465759
4954075
3901971
15396517
4005338
12171264
16713152
849518
323201
10161335
5832828
10874759
2709045
9588142
7984927
9353305
8053609
8595680
8937575
4696682
6500717
2224508
4668175
3538697
2978979
8904320
9985396
4767863
10603354
16524596
15297397
15338372
339408
1366814
4250746
9639149
10624720
1619846
13716662
1542719
10235344
9114398
1866298
1710879
4846137
8914842
16596498
13442886
4921520
6419733
11726295
11496663
11076575
3359679
7098652
13547180
4853057
7364585
10532996
14724424
13119666
2401491
15295635
10963537
15825121
8329892
5092921
15526330
4729603
10753181
7742019
12713751
14926593
13189979
5562679
2312592
13714684
4546595
41892
7241969
8546644
16076214
2795831
10118096
1700718
7031209
15424246
8282189
15067285
453563
9659728
5157082
7787112
1376811
7488684
4390097
13405909
16386633
10294473
14880701
1980410
3071793
4361194
7371489
13112500
4757625
16626184
5896584
1836884
16452806
14458028
11330065
12311907
4362638
13448606
8334
1110806